n       Merge Sort      3-Way Merge Sort
----------------------------------------
100     0.000000        0.000000
200     0.000000        0.000000
300     0.000000        0.000000
400     0.000000        0.000000
500     0.000000        0.000000
600     0.000000        0.000000
700     0.000000        0.000000
800     0.001000        0.000000
900     0.000000        0.000000
1000    0.000000        0.000000
1100    0.001000        0.000000
1200    0.000000        0.000000
1300    0.000000        0.001000
1400    0.000000        0.000000
1500    0.000000        0.001000
1600    0.000000        0.000000
1700    0.001000        0.000000
1800    0.000000        0.000000
1900    0.001000        0.000000
2000    0.000000        0.001000
----------------------------------------
